-1,-1,5.6843418860808015e-12,-1 -1,-1,-1,-1 -1,-1,-1,-1 -1,-1,-1,-1 -1,-1,-1,-1 -1,-1,-1,-1 -1,-1,-1,-1 -1,-1,-1,-1 -1,-1,-1,-1 -1,-1,-1,-1 -1,-1,-1,-1 -1,-1,-1,-1 -1,-1,-1,-1 -1,-1,-1,-1 -1,-1,-1,-1
2.8421709430404007e-12,1.1368683772161603e-11,-1,-1 -1,-1,2.2737367544323206e-11,5.6843418860808015e-12 -1,-1,-1,-1 -1,-1,-1,-1 -1,-1,-1,-1 -1,-1,-1,-1 -1,-1,-1,-1 -1,-1,-1,-1 -1,-1,-1,-1 -1,-1,-1,-1 -1,-1,-1,-1 -1,-1,-1,-1 -1,-1,-1,-1 -1,-1,-1,-1 -1,-1,-1,-1
-1,-1,-1,-1 1.1368683772161603e-11,-1,4.547473508864641e-11,-1 -1,-1,-1,-1 -1,-1,-1,-1 -1,-1,-1,-1 -1,-1,-1,-1 -1,-1,-1,-1 -1,-1,-1,-1 -1,-1,-1,-1 -1,-1,-1,-1 -1,-1,-1,-1 -1,-1,-1,-1 -1,-1,-1,-1 -1,-1,-1,-1 -1,-1,-1,-1
-1,-1,-1,-1 2.2737367544323206e-11,9.094947017729282e-11,-1,-1 -1,1.8189894035458565e-10,1.8189894035458565e-10,4.547473508864641e-11 -1,9.094947017729282e-11,3.637978807091713e-10,9.094947017729282e-11 -1,4.547473508864641e-11,1.8189894035458565e-10,1.8189894035458565e-10 -1,-1,9.094947017729282e-11,9.094947017729282e-11 -1,-1,-1,-1 -1,-1,-1,-1 -1,-1,-1,-1 -1,0.00002384185791015625,0.00002384185791015625,-1 -1,0.0000476837158203125,0.0000476837158203125,0.000011920928955078125 -1,-1,0.000095367431640625,0.00002384185791015625 -1,-1,-1,-1 -1,-1,-1,-1 -1,-1,-1,-1
-1,-1,-1,-1 -1,-1,-1,-1 9.094947017729282e-11,3.637978807091713e-10,3.637978807091713e-10,-1 1.8189894035458565e-10,1.8189894035458565e-10,7.275957614183426e-10,1.8189894035458565e-10 9.094947017729282e-11,9.094947017729282e-11,3.637978807091713e-10,3.637978807091713e-10 4.547473508864641e-11,4.547473508864641e-11,-1,1.8189894035458565e-10 -1,-1,-1,9.094947017729282e-11 -1,-1,-1,-1 -1,0.00002384185791015625,-1,-1 0.000011920928955078125,0.0000476837158203125,-1,0.000011920928955078125 0.00002384185791015625,0.000095367431640625,0.000095367431640625,0.00002384185791015625 0.0000476837158203125,0.00019073486328125,0.00019073486328125,0.0000476837158203125 -1,-1,0.0003814697265625,0.000095367431640625 -1,-1,-1,-1 -1,-1,-1,-1
-1,-1,-1,-1 -1,3.637978807091713e-10,3.637978807091713e-10,-1 1.8189894035458565e-10,7.275957614183426e-10,7.275957614183426e-10,1.8189894035458565e-10 3.637978807091713e-10,3.637978807091713e-10,1.4551915228366852e-9,3.637978807091713e-10 1.8189894035458565e-10,-1,-1,7.275957614183426e-10 -1,-1,-1,-1 -1,-1,-1,-1 -1,-1,-1,-1 -1,-1,-1,-1 -1,-1,-1,-1 0.0000476837158203125,0.00019073486328125,-1,-1 0.000095367431640625,0.0003814697265625,0.0003814697265625,0.000095367431640625 0.00019073486328125,0.000762939453125,0.000762939453125,0.00019073486328125 -1,-1,0.00152587890625,0.0003814697265625 -1,-1,-1,-1
-1,-1,-1,-1 1.8189894035458565e-10,7.275957614183426e-10,-1,-1 3.637978807091713e-10,1.4551915228366852e-9,1.4551915228366852e-9,3.637978807091713e-10 7.275957614183426e-10,-1,2.9103830456733704e-9,7.275957614183426e-10 -1,-1,-1,-1 0,0,0,0 0,0,0,0 -1,-1,-1,-1 0,0,0,0 0,0,0,0 -1,-1,-1,-1 0.00019073486328125,0.000762939453125,0.00019073486328125,-1 0.0003814697265625,0.00152587890625,0.0003814697265625,0.0003814697265625 0.000762939453125,0.0030517578125,-1,0.000762939453125 -1,-1,0.006103515625,0.00152587890625
-1,-1,-1,-1 -1,-1,-1,-1 7.275957614183426e-10,2.9103830456733704e-9,-1,-1 1.4551915228366852e-9,-1,5.820766091346741e-9,1.4551915228366852e-9 -1,-1,-1,-1 0,0,0,0 0,0,0,0 0,0,0,0 0,0,0,0 0,0,0,0 -1,-1,-1,-1 0.0003814697265625,0.0003814697265625,0.000095367431640625,-1 0.000762939453125,-1,-1,0.00019073486328125 -1,-1,-1,-1 0.0030517578125,-1,0.01220703125,-1
-1,-1,-1,-1 -1,-1,-1,-1 -1,-1,-1,-1 2.9103830456733704e-9,1.1641532182693481e-8,-1,-1 -1,-1,2.3283064365386963e-8,5.820766091346741e-9 -1,-1,-1,-1 0,0,0,0 0,0,0,0 0,0,0,0 -1,-1,-1,-1 -1,0.000095367431640625,0.00002384185791015625,-1 0.00019073486328125,-1,-1,0.0000476837158203125 -1,-1,-1,-1 -1,-1,-1,-1 0.006103515625,-1,0.0244140625,-1
-1,-1,-1,-1 -1,-1,-1,-1 -1,-1,-1,-1 -1,-1,-1,-1 1.1641532182693481e-8,4.6566128730773926e-8,-1,-1 -1,-1,9.313225746154785e-8,2.3283064365386963e-8 -1,-1,-1,-1 0,0,0,0 -1,-1,-1,-1 -1,0.00002384185791015625,0.0000059604644775390625,-1 0.0000476837158203125,-1,-1,0.000011920928955078125 -1,-1,-1,-1 -1,-1,-1,-1 -1,0.0244140625,0.09765625,-1 0.01220703125,-1,0.048828125,0.048828125
-1,-1,-1,-1 -1,-1,-1,-1 -1,-1,-1,-1 -1,-1,-1,-1 -1,-1,-1,-1 4.6566128730773926e-8,1.862645149230957e-7,-1,-1 -1,-1,3.725290298461914e-7,9.313225746154785e-8 -1,-1,-1,-1 -1,0.0000059604644775390625,0.0000014901161193847656,-1 0.000011920928955078125,-1,-1,0.0000029802322387695312 -1,-1,-1,-1 -1,-1,-1,-1 -1,0.09765625,0.390625,-1 0.048828125,0.048828125,-1,0.1953125 0.0244140625,-1,-1,0.09765625
-1,-1,-1,-1 -1,-1,-1,-1 -1,-1,-1,-1 -1,-1,-1,-1 -1,-1,-1,-1 -1,-1,-1,-1 1.862645149230957e-7,7.450580596923828e-7,-1,-1 -1,0.0000014901161193847656,3.725290298461914e-7,3.725290298461914e-7 0.0000029802322387695312,-1,-1,7.450580596923828e-7 -1,-1,-1,-1 -1,-1,-1,-1 -1,-1,-1,-1 0.1953125,-1,0.78125,-1 -1,-1,-1,-1 -1,-1,-1,-1 
-1,-1,-1,-1 -1,-1,-1,-1 -1,-1,-1,-1 -1,-1,-1,-1 -1,-1,-1,-1 -1,-1,-1,-1 -1,-1,-1,-1 7.450580596923828e-7,-1,-1,-1 -1,-1,-1,-1 -1,-1,-1,-1 -1,-1,-1,-1 -1,0.78125,3.125,-1 0.390625,-1,-1,1.5625 -1,-1,-1,-1 -1,-1,-1,-1 
-1,-1,-1,-1 -1,-1,-1,-1 -1,-1,-1,-1 -1,-1,-1,-1 -1,-1,-1,-1 -1,-1,-1,-1 -1,-1,-1,-1 -1,-1,-1,-1 -1,-1,-1,-1 -1,-1,-1,-1 -1,-1,-1,-1 1.5625,-1,6.25,-1 -1,-1,-1,-1 -1,-1,-1,-1 -1,-1,-1,-1 
-1,-1,-1,-1 -1,-1,-1,-1 -1,-1,-1,-1 -1,-1,-1,-1 -1,-1,-1,-1 -1,-1,-1,-1 -1,-1,-1,-1 -1,-1,-1,-1 -1,-1,-1,-1 -1,-1,-1,-1 -1,-1,-1,-1 3.125,12.5,-1,-1 -1,25,-1,6.25 -1,50,-1,12.5 0,0,0,0 