-1,0,-1,-1 -1,-1,0,0 -1,-1,-1,-1 -1,-1,-1,-1 -1,-1,-1,-1 -1,-1,-1,-1 -1,-1,-1,-1 -1,-1,-1,-1 -1,-1,-1,-1 -1,-1,-1,-1 -1,-1,-1,-1 -1,-1,-1,-1 -1,-1,-1,-1 -1,-1,-1,-1 -1,-1,-1,-1 -1,-1,-1,-1 -1,-1,-1,-1 -1,-1,-1,-1 -1,-1,-1,-1 -1,-1,-1,-1
-1,-1,-1,-1 0,-1,0,-1 -1,-1,-1,-1 -1,0,-1,-1 -1,0,-1,0 -1,0,-1,0 -1,0,-1,0 -1,0,-1,0 -1,0,-1,0 -1,0,-1,0 -1,0,-1,0 -1,0,-1,0 -1,0,-1,0 -1,0,-1,0 -1,0,-1,0 -1,0,-1,0 -1,0,-1,0 -1,0,-1,0 -1,-1,0,0 -1,-1,-1,-1
-1,-1,-1,-1 0,-1,0,-1 -1,-1,-1,-1 -1,-1,-1,-1 -1,-1,-1,-1 -1,-1,-1,-1 -1,-1,-1,-1 -1,-1,-1,-1 -1,-1,-1,-1 -1,-1,-1,-1 -1,-1,-1,-1 -1,-1,-1,-1 -1,-1,-1,-1 -1,-1,-1,-1 -1,-1,-1,-1 -1,-1,-1,-1 -1,-1,-1,-1 -1,-1,-1,-1 0,-1,0,-1 -1,-1,-1,-1
-1,-1,-1,-1 0,-1,0,-1 -1,-1,-1,-1 -1,0,0,-1 -1,0,-1,0 -1,0,-1,0 -1,0,-1,0 -1,0,-1,0 -1,0,-1,0 -1,0,-1,0 -1,0,-1,0 -1,0,-1,0 -1,0,-1,0 -1,0,-1,0 -1,0,-1,0 -1,0,-1,0 -1,-1,0,0 -1,-1,-1,-1 0,-1,0,-1 -1,-1,-1,-1
-1,-1,-1,-1 0,-1,0,-1 -1,-1,-1,-1 0,-1,0,-1 -1,-1,-1,-1 -1,-1,-1,-1 -1,-1,-1,-1 -1,-1,-1,-1 -1,-1,-1,-1 -1,-1,-1,-1 -1,-1,-1,-1 -1,-1,-1,-1 -1,-1,-1,-1 -1,-1,-1,-1 -1,-1,-1,-1 -1,-1,-1,-1 0,-1,0,-1 -1,-1,-1,-1 0,-1,0,-1 -1,-1,-1,-1
-1,-1,-1,-1 0,-1,0,-1 -1,-1,-1,-1 0,-1,0,-1 -1,-1,-1,-1 -1,-1,-1,-1 -1,0,-1,-1 -1,0,0,0 -1,0,0,0 -1,0,0,0 -1,0,0,0 -1,0,0,0 -1,0,0,0 -1,0,0,0 -1,0,-1,0 -1,0,-1,0 0,-1,-1,0 -1,-1,-1,-1 0,-1,0,-1 -1,-1,-1,-1
-1,-1,-1,-1 0,-1,0,-1 -1,-1,-1,-1 0,-1,0,-1 -1,-1,-1,-1 -1,-1,0,-1 -1,-1,-1,-1 0,0,-1,-1 0,0,0,0 0,0,0,0 0,0,0,0 0,0,0,0 0,0,0,0 0,-1,-1,0 -1,-1,-1,-1 -1,-1,-1,-1 -1,-1,-1,-1 -1,-1,-1,-1 0,-1,0,-1 -1,-1,-1,-1
-1,-1,-1,-1 0,-1,0,-1 -1,-1,-1,-1 0,-1,0,-1 -1,-1,-1,-1 0,0,0,-1 -1,-1,0,0 -1,-1,-1,-1 0,0,0,-1 0,0,0,0 0,0,0,0 0,0,0,0 0,-1,-1,0 -1,-1,-1,-1 -1,0,0,-1 -1,0,0,0 -1,0,0,0 -1,0,-1,0 0,-1,0,0 -1,-1,-1,-1
-1,-1,-1,-1 0,-1,0,-1 -1,-1,-1,-1 0,-1,0,-1 -1,-1,-1,-1 0,0,0,-1 0,0,0,0 -1,0,0,0 0,0,0,0 0,0,-1,0 0,0,-1,0 0,-1,-1,0 -1,-1,-1,-1 -1,0,0,-1 0,0,0,0 0,0,0,0 0,-1,0,0 -1,-1,-1,-1 0,-1,0,-1 -1,-1,-1,-1
-1,-1,-1,-1 0,-1,0,-1 -1,-1,-1,-1 0,-1,0,-1 -1,-1,-1,-1 0,0,0,-1 0,0,0,0 0,0,0,0 0,-1,0,0 -1,-1,-1,-1 -1,-1,-1,-1 -1,-1,-1,-1 -1,0,0,-1 0,0,0,0 0,0,0,0 0,0,0,0 0,-1,0,0 -1,-1,-1,-1 0,-1,0,-1 -1,-1,-1,-1
-1,-1,-1,-1 0,-1,0,-1 -1,-1,-1,-1 0,-1,0,-1 -1,-1,-1,-1 0,0,0,-1 0,0,0,0 0,0,0,0 0,-1,0,0 -1,-1,-1,-1 -1,-1,-1,-1 -1,-1,-1,-1 0,0,0,-1 0,0,0,0 0,0,0,0 0,0,0,0 0,-1,0,0 -1,-1,-1,-1 2.0679515313825692e-23,-1,0,-1 -1,-1,-1,-1
-1,-1,-1,-1 0,-1,0,-1 -1,-1,-1,-1 0,-1,0,-1 -1,-1,-1,-1 0,0,0,-1 0,0,0,0 0,0,0,0 0,-1,0,0 -1,-1,-1,-1 -1,-1,-1,-1 -1,-1,-1,-1 0,0,0,-1 0,0,0,0 0,0,0,0 0,0,0,0 0,-1,0,0 -1,-1,-1,-1 6.776263578034403e-19,-1,0,-1 -1,-1,-1,-1
-1,-1,-1,-1 0,-1,0,-1 -1,-1,-1,-1 0,-1,0,-1 -1,-1,-1,-1 0,0,0,-1 0,0,0,0 0,0,0,0 0,-1,-1,0 -1,-1,-1,-1 -1,-1,-1,-1 -1,-1,-1,-1 0,0,-1,-1 0,0,0,0 0,0,0,0 0,0,0,0 0,-1,0,0 -1,-1,-1,-1 3.469446951953614e-16,-1,0,-1 -1,-1,-1,-1
-1,-1,-1,-1 0,-1,0,-1 -1,-1,-1,-1 0,-1,0,-1 -1,-1,-1,-1 0,0,0,-1 0,0,0,0 0,-1,-1,0 -1,-1,-1,-1 -1,0,0,-1 -1,0,0,0 -1,-1,0,0 -1,-1,-1,-1 0,0,-1,-1 0,0,0,0 0,0,0,0 0,-1,0,0 -1,-1,-1,-1 4.336808689942018e-17,-1,0,-1 -1,-1,-1,-1
-1,-1,-1,-1 0,-1,0,-1 -1,-1,-1,-1 0,-1,0,-1 -1,-1,-1,-1 0,0,0,-1 0,-1,0,0 -1,-1,-1,-1 -1,0,0,-1 0,0,0,0 0,0,0,0 0,0,0,0 -1,-1,0,0 -1,-1,-1,-1 0,0,-1,-1 0,0,-1,0 0,-1,0,0 -1,-1,-1,-1 9.094947017729282e-11,-1,0,-1 -1,-1,-1,-1
-1,-1,-1,-1 0,-1,0,-1 -1,-1,-1,-1 0,-1,0,-1 -1,-1,-1,-1 0,0,0,-1 0,-1,0,0 -1,-1,-1,-1 0,0,0,-1 0,0,0,0 0,0,0,0 0,0,0,0 0,0,0,0 -1,-1,0,0 -1,-1,-1,-1 -1,-1,-1,-1 0,-1,0,-1 -1,-1,-1,-1 2.9103830456733704e-9,-1,0,-1 -1,-1,-1,-1
-1,-1,-1,-1 0,0,0,-1 -1,0,-1,0 0,-1,-1,0 -1,-1,-1,-1 0,0,-1,-1 0,0,-1,0 -1,0,-1,0 0,0,-1,0 0,0,-1,0 0,0,-1,0 0,0,-1,0 0,0,-1,0 0,0,-1,0 -1,0,-1,0 -1,0,-1,0 0,-1,-1,0 -1,-1,-1,-1 2.3283064365386963e-8,-1,0,-1 -1,-1,-1,-1
-1,-1,-1,-1 0,-1,0,-1 -1,-1,-1,-1 -1,-1,-1,-1 -1,-1,-1,-1 -1,-1,-1,-1 -1,-1,-1,-1 -1,-1,-1,-1 -1,-1,-1,-1 -1,-1,-1,-1 -1,-1,-1,-1 -1,-1,-1,-1 -1,-1,-1,-1 -1,-1,-1,-1 -1,-1,-1,-1 -1,-1,-1,-1 -1,-1,-1,-1 -1,-1,-1,-1 0.1953125,-1,0,-1 -1,-1,-1,-1
-1,-1,-1,-1 0,-1,-1,-1 -1,-1,-1,-1 -1,0,-1,-1 -1,0,-1,0 -1,0,-1,0 -1,0,-1,0 -1,0,-1,0 -1,0,-1,0 -1,0,-1,0 -1,0,-1,0 -1,0,-1,0 -1,0,-1,0 -1,0,-1,0 -1,0,-1,0 -1,0,-1,0 -1,0,-1,0 -1,0,-1,0 25,-1,0,0 -1,-1,-1,-1
-1,-1,-1,-1 -1,-1,-1,-1 -1,-1,-1,-1 -1,-1,-1,-1 -1,-1,-1,-1 -1,-1,-1,-1 -1,-1,-1,-1 -1,-1,-1,-1 -1,-1,-1,-1 -1,-1,-1,-1 -1,-1,-1,-1 -1,-1,-1,-1 -1,-1,-1,-1 -1,-1,-1,-1 -1,-1,-1,-1 -1,-1,-1,-1 -1,-1,-1,-1 -1,-1,-1,-1 50,0,-1,-1 0,0,0,0